76.906042
88.655612
101.126801
112.883799
124.896421
136.306311
147.997057
160.057687
172.546238
184.423147
196.573914
208.190477
220.795255
232.403549
243.493050
255.658303
266.682287
278.379107
290.426345
301.966939
313.970920
325.168918
336.213388
347.254922
358.678505
371.124754
383.085347
395.014882
406.843505
418.038144
429.816841
441.334494
452.433321
464.308539
476.886120
490.209947
501.913958
513.511004
525.660847
538.443811
549.673888
561.246158
573.213123
585.750484
597.835235
609.529501
620.534068
631.689790
643.103820
655.113136
666.000000
678.949215
691.261239
702.893285
714.389252
725.430039
736.635670
748.361808
760.720355
771.903116
783.453641
